alpha[1]	1	500
alpha[2]	501	1000
alpha[3]	1001	1500
alpha[4]	1501	2000
alpha[5]	2001	2500
alpha[6]	2501	3000
c.inf	3001	3500
delta[1]	3501	4000
delta[2]	4001	4500
delta[3]	4501	5000
delta[4]	5001	5500
delta[5]	5501	6000
delta[6]	6001	6500
deviance	6501	7000
gamma[1]	7001	7500
gamma[2]	7501	8000
gamma[3]	8001	8500
gamma[4]	8501	9000
gamma[5]	9001	9500
gamma[6]	9501	10000
gamma[7]	10001	10500
gamma[8]	10501	11000
gamma[9]	11001	11500
l	11501	12000
p1	12001	12500
p2	12501	13000
rho	13001	13500
